Complete binary tree:

                7
        10              15
    8       9       4       18
  6    2   3   1   11

[7 10 15 8 9 4 18 6 2 3 1 11]
 0  1  2 3 4 5  6 7 8 9 10 11

i       left(i)     right(i)            parent(i)
--------------------------------------------------
0           1               2           -
1           3               4           0
2           5               6           0
3           7               8           1
5           11              12          2

left(i) = 2i + 1
right(i) = 2i + 2
parent(i) = floor((i-1)/2)



HeapifyUp, HeapifyDown:

               26
        12              25
    8       9       11       18
  6    2   3   1   4  

[26  12 25  8  9  11 18  6  2  3  1  4]
  0  1  2  3  4   5  6   7  8  9 10 11  

                10
        26              8
    9       25      18      6
  2   3   1    4   11


BuildHeap:

                7
        10              18
    8       9       11       15
  6    2   3   1   4

[7 10 18 8 9 11 15 6 2 3 1 4]
 0  1  2 3 4 5  6 7 8 9 10 11



                8
        6               7
    4       5       3     1
  2  
  
  
  9   10